  



        A  1  20 

(20)

 (
      20)


     (20)

(204)
   ()
   ()
   ()
   ()
   ()


      (205)

   ()()()()

  18000 (A) 11
  



         B  1  20 

 4 ( 20 )

( 20 )
    ()
          
          (10 )
    ()(10 )

 7 (
      20 )

( 20 )

( 20 )
   ()(8 )
   ()(6 )
   ()(6 )

  18000 (B) 11
  



     C  1  20 

 BIM 
     ( 20 )

   () BIM(5 )
   () BIM (15 )


       7 ( 20 )

 7 ( 20 )

 4 
      30  1,500m2 4m
     ()() 3 
     ( 20 )


      7 (
      20 )

  18000 (C) 11
  



     D  1  20 

( 20 )
   ()? (10 )
   () 160kg/m3 320kg/m3
          55kg/m3 25kg/m3 (10 )

( 20 )
    ()(5 )
    () (15 )

 5 ( 20 )

 5 ( 20 )

(
      20 )

   ()(10 )
   ()

         (10 )

  18000 (D) 11
